 1           0      0     21     -7             0             0             0             0             0             0             0             0             0             0             1             1             0             0             0 
 1           0      0     16    -15             0             0             0             0             0             0             0             0             0             0             0             1             1             0             0 
 1           0      0      0    -32             0             0             0             0             0             0             0             0             0             0             0             0             1             1             0 
 1           0      0    -16    -15             0             0             0             0             0             0             0             0             0             0             0             0             0             1             1 
 1           0      0    -21     -7             0             0             0             0             0             0             0             0             0             0             0             0             0             0             0 
 1           0      0    -20     -4             0             0             0             0             0             0             0             0             0             0             0             0             0             0             1 
 1           0      0      0     32             0             0             0             0             0             0             0             0             0             0             0             0             0             0             0 
 1           0      0     20     -4             0             0             0             0             0             0             0             0             0             0             0             0             0             0             0 
 1        3/50  -1/25      0    -30             0             0             0             0             0             0             0             0             0             0             0             0             0             0             0 
 1       -3/50  -1/25      0     30             0             0             0             0             0             0             0             0             0             0             0             0             0             0             0 
 1     -3/1000 7/1000      0  159/5             0             0             0             0             0             0             0             0             0             1             0             0             0             0             0 
 1      3/1000 7/1000      0 -159/5      10000000      10000000      10000000   10000000000  100000000000  100000000000  100000000000  100000000000             1             0             0             0             0             0             0 
 1      3/1000 7/1000      0 -159/5     -10000000             0             0             0             0             0             0             0             1             0             0             0             0             0             0 
 1      3/1000 7/1000      0 -159/5      10000000     -10000000             0             0             0             0             0             0             1             0             0             0             0             0             0 
 1      3/1000 7/1000      0 -159/5      10000000      10000000     -10000000             0             0             0             0             0             1             0             0             0             0             0             0 
 1      3/1000 7/1000      0 -159/5      10000000      10000000      10000000  -10000000000             0             0             0             0             1             0             0             0             0             0             0 
 1      3/1000 7/1000      0 -159/5      10000000      10000000      10000000   10000000000 -100000000000             0             0             0             1             0             0             0             0             0             0 
 1      3/1000 7/1000      0 -159/5      10000000      10000000      10000000   10000000000  100000000000 -100000000000             0             0             1             0             0             0             0             0             0 
 1      3/1000 7/1000      0 -159/5      10000000      10000000      10000000   10000000000  100000000000  100000000000 -100000000000             0             1             0             0             0             0             0             0 
 1      3/1000 7/1000      0 -159/5      10000000      10000000      10000000   10000000000  100000000000  100000000000  100000000000 -100000000000             1             0             0             0             0             0             0 
-1          60      0      0      0             0             0             1             1             0             0             0             0             0             0             0             0             0             0             0 
-1           8    -30      0      0             0             0             0             1             1             0             0             0             0             0             0             0             0             0             0 
-1           0    -33      0      0             0             0             0             0             1             1             0             0             0             0             0             0             0             0             0 
-1          -2    -32      0      0             0             0             0             0             0             1             1             0             0             0             0             0             0             0             0 
-1         -55      0      0      0             0             0             0             0             0             0             1             1             0             0             0             0             0             0             0 
-1         -34     36      0      0             0             0             0             0             0             0             0             1             0             0             0             0             0             0             0 
-1           0     76      0      0             0             0             0             0             0             0             0             0             0             0             0             0             0             0             0 
-1          44     34      0      0             0             0             0             0             0             0             0             0             0             0             0             0             0             0             0 
-1         -20      0    1/5   -1/5             0             0             0             0             0             0             0             0             0             0             0             0             0             0             0 
-1     2999/50      0  -3/25   -1/5             0             0             1             0             0             0             0             0             0             0             0             0             0             0             0 
-1 299999/5000      0      0  1/100             0             1             0             0             0             0             0             0             0             0             0             0             0             0             0 
-1     -549/10      0 1/5000  1/800             1             0             0             0             0             0             0             0             0             0             0             0             0             0             0 
-1         -54      0  1/500  -1/80             0             0             0             0             0             0             0             0        100000      10000000      10000000      10000000     100000000     100000000    1000000000 
-1         -54      0  1/500  -1/80             0             0             0             0             0             0             0             0       -100000             0             0             0             0             0             0 
-1         -54      0  1/500  -1/80             0             0             0             0             0             0             0             0        100000     -10000000             0             0             0             0             0 
-1         -54      0  1/500  -1/80             0             0             0             0             0             0             0             0        100000      10000000     -10000000             0             0             0             0 
-1         -54      0  1/500  -1/80             0             0             0             0             0             0             0             0        100000      10000000      10000000     -10000000             0             0             0 
-1         -54      0  1/500  -1/80             0             0             0             0             0             0             0             0        100000      10000000      10000000      10000000    -100000000             0             0 
-1         -54      0  1/500  -1/80             0             0             0             0             0             0             0             0        100000      10000000      10000000      10000000     100000000    -100000000             0 
-1         -54      0  1/500  -1/80             0             0             0             0             0             0             0             0        100000      10000000      10000000      10000000     100000000     100000000   -1000000000 
