# 5-dimensional spindle with 25 facets and length 6
# due to Matschke, Santos, and Weibel (see Theorem 2.14 in https://arxiv.org/abs/1202.4701)
 1  1  -1             0        0        0     -32
 2  1  -1             0        0        0      32
 3  1  -1             0        0      -21       7
 4  1  -1             0        0       21       7
 5  1  -1             0        0      -20       4
 6  1  -1             0        0       20       4
 7  1  -1             0        0      -16      15
 8  1  -1             0        0       16      15
 9  1  -1         -3/50     1/25        0      30
10  1  -1          3/50     1/25        0     -30
11  1  -1       -3/1000  -7/1000        0   159/5
12  1  -1        3/1000  -7/1000        0  -159/5
13  1   1           -60        0        0       0
14  1   1            55        0        0       0
15  1   1             0      -76        0       0
16  1   1             0       33        0       0
17  1   1           -44      -34        0       0
18  1   1            -8       30        0       0
19  1   1            34      -36        0       0
20  1   1             2       32        0       0
21  1   1            20        0     -1/5     1/5
22  1   1      -2999/50        0     3/25     1/5
23  1   1  -299999/5000        0        0  -1/100
24  1   1        549/10        0  -1/5000  -1/800
25  1   1            54        0   -1/500    1/80