# 5-dimensional spindle with 28 facets and length 6
# due to Matschke, Santos, and Weibel (see Corollary 2.9 in https://arxiv.org/abs/1202.4701)
 1⁺  1  -1  -18    0    0    0
 1⁻  1  -1   18    0    0    0
 2⁺  1  -1    0    0  -30    0
 2⁻  1  -1    0    0   30    0
 3⁺  1  -1    0    0    0  -30
 3⁻  1  -1    0    0    0   30
 4⁺  1  -1    0   -5    0  -25
 4⁻  1  -1    0   -5    0   25
 5⁺  1  -1    0    5    0  -25
 5⁻  1  -1    0    5    0   25
 6⁺  1  -1    0    0  -18  -18
 6⁻  1  -1    0    0  -18   18
 7⁺  1  -1    0    0   18  -18
 7⁻  1  -1    0    0   18   18
 8⁺  1   1    0    0  -18    0
 8⁻  1   1    0    0   18    0
 9⁺  1   1    0  -30    0    0
 9⁻  1   1    0   30    0    0
10⁺  1   1  -30    0    0    0
10⁻  1   1   30    0    0    0
11⁺  1   1  -25    0    0   -5
11⁻  1   1  -25    0    0    5
12⁺  1   1   25    0    0   -5
12⁻  1   1   25    0    0    5
13⁺  1   1  -18  -18    0    0
13⁻  1   1  -18   18    0    0
14⁺  1   1   18  -18    0    0
14⁻  1   1   18   18    0    0