# 5-dimensional spindle with 48 facets and length 6
# due to Santos (see Table 1 in https://arxiv.org/abs/1006.2814)
 1⁺  1  -1  -18    0    0    0
 1⁻  1  -1   18    0    0    0
 2⁺  1  -1    0  -18    0    0
 2⁻  1  -1    0   18    0    0
 3⁺  1  -1    0    0  -45    0
 3⁻  1  -1    0    0   45    0
 4⁺  1  -1    0    0    0  -45
 4⁻  1  -1    0    0    0   45
 5⁺  1  -1  -15  -15    0    0
 5⁻  1  -1   15  -15    0    0
 6⁺  1  -1  -15   15    0    0
 6⁻  1  -1   15   15    0    0
 7⁺  1  -1    0    0  -30  -30
 7⁻  1  -1    0    0   30  -30
 8⁺  1  -1    0    0  -30   30
 8⁻  1  -1    0    0   30   30
 9⁺  1  -1    0  -10  -40    0
 9⁻  1  -1    0   10  -40    0
10⁺  1  -1    0  -10   40    0
10⁻  1  -1    0   10   40    0
11⁺  1  -1  -10    0    0  -40
11⁻  1  -1   10    0    0  -40
12⁺  1  -1  -10    0    0   40
12⁻  1  -1   10    0    0   40
13⁺  1   1    0    0    0  -18
13⁻  1   1    0    0    0   18
14⁺  1   1    0    0  -18    0
14⁻  1   1    0    0   18    0
15⁺  1   1  -45    0    0    0
15⁻  1   1   45    0    0    0
16⁺  1   1    0  -45    0    0
16⁻  1   1    0   45    0    0
17⁺  1   1    0    0  -15  -15
17⁻  1   1    0    0  -15   15
18⁺  1   1    0    0   15  -15
18⁻  1   1    0    0   15   15
19⁺  1   1  -30  -30    0    0
19⁻  1   1   30  -30    0    0
20⁺  1   1  -30   30    0    0
20⁻  1   1   30   30    0    0
21⁺  1   1  -40    0  -10    0
21⁻  1   1  -40    0   10    0
22⁺  1   1   40    0  -10    0
22⁻  1   1   40    0   10    0
23⁺  1   1    0  -40    0  -10
23⁻  1   1    0  -40    0   10
24⁺  1   1    0   40    0  -10
24⁻  1   1    0   40    0   10